# Blender v2.76 (sub 0) OBJ File: 'cubes.blend'
# www.blender.org
mtllib cubes.mtl
o cajette_Cube.004
v -10.980649 -2.500000 8.784517
v -12.500000 2.500000 10.000000
v -10.980649 -2.500000 -8.784517
v -12.500000 2.500000 -10.000000
v 10.980649 -2.500000 8.784517
v 12.500000 2.500000 10.000000
v 10.980649 -2.500000 -8.784517
v 12.500000 2.500000 -10.000000
v -10.980649 -2.000000 8.784517
v -12.210586 2.534964 9.768468
v -10.980649 -2.000000 -8.784517
v -12.210586 2.534964 -9.768468
v 10.980649 -2.000000 8.784517
v 12.210586 2.534964 9.768468
v 10.980649 -2.000000 -8.784517
v 12.210586 2.534964 -9.768468
vn -0.956800 -0.290700 0.000000
vn 0.000000 -0.236200 -0.971700
vn 0.956800 -0.290700 0.000000
vn 0.000000 -0.236200 0.971700
vn 0.000000 -1.000000 0.000000
vn -0.965100 -0.261800 0.000000
vn 0.000000 -0.212000 -0.977300
vn 0.965100 -0.261800 0.000000
vn 0.000000 -0.212000 0.977300
vn 0.119900 0.992800 0.000000
vn 0.000000 0.988800 0.149300
vn -0.119900 0.992800 0.000000
vn 0.000000 0.988800 -0.149300
usemtl Material.009
s off
f 4//1 3//1 1//1
f 8//2 7//2 3//2
f 6//3 5//3 7//3
f 2//4 1//4 5//4
f 3//5 7//5 5//5
f 12//6 11//6 9//6
f 16//7 15//7 11//7
f 14//8 13//8 15//8
f 10//9 9//9 13//9
f 11//5 15//5 13//5
f 8//10 16//10 14//10
f 2//11 6//11 14//11
f 2//12 10//12 12//12
f 8//13 4//13 12//13
f 2//1 4//1 1//1
f 4//2 8//2 3//2
f 8//3 6//3 7//3
f 6//4 2//4 5//4
f 1//5 3//5 5//5
f 10//6 12//6 9//6
f 12//7 16//7 11//7
f 16//8 14//8 15//8
f 14//9 10//9 13//9
f 9//5 11//5 13//5
f 6//10 8//10 14//10
f 10//11 2//11 14//11
f 4//12 2//12 12//12
f 16//13 8//13 12//13
o Cube
v -0.915818 -0.519300 -2.470169
v -4.659079 1.623299 -2.016895
v -2.502221 5.385665 -1.989450
v 1.241039 3.243066 -2.442724
v -0.536147 -0.768417 1.842832
v -4.279407 1.374184 2.296106
v -2.122548 5.136549 2.323551
v 1.620711 2.993950 1.870277
vn -0.087500 0.057400 -0.994500
vn 0.087500 -0.057400 0.994500
vn -0.497300 -0.867500 -0.006300
vn -0.863100 0.494000 0.104500
vn 0.497300 0.867500 0.006300
vn 0.863100 -0.494000 -0.104500
usemtl Material
s off
f 18//14 19//14 20//14
f 24//15 23//15 22//15
f 21//16 22//16 18//16
f 22//17 23//17 19//17
f 19//18 23//18 24//18
f 17//19 20//19 24//19
f 17//14 18//14 20//14
f 21//15 24//15 22//15
f 17//16 21//16 18//16
f 18//17 22//17 19//17
f 20//18 19//18 24//18
f 21//19 17//19 24//19
o Cube.001
v 7.906723 -1.546243 -3.345370
v 7.118070 2.717139 -3.246453
v 9.867443 3.148555 0.079659
v 10.656096 -1.114828 -0.019260
v 4.646789 -2.213804 -0.564115
v 3.858138 2.049579 -0.465196
v 6.607511 2.480993 2.860915
v 7.396163 -1.782389 2.761997
vn 0.751700 0.153900 -0.641300
vn -0.751700 -0.153900 0.641300
vn -0.634000 -0.099500 -0.766900
vn -0.181800 0.983100 0.022800
vn 0.634000 0.099500 0.766900
vn 0.181800 -0.983100 -0.022800
usemtl Material.001
s off
f 26//20 27//20 28//20
f 32//21 31//21 30//21
f 29//22 30//22 26//22
f 26//23 30//23 31//23
f 31//24 32//24 28//24
f 25//25 28//25 32//25
f 25//20 26//20 28//20
f 29//21 32//21 30//21
f 25//22 29//22 26//22
f 27//23 26//23 31//23
f 27//24 31//24 28//24
f 29//25 25//25 32//25
o Cube.002
v 8.210878 -2.191102 3.312191
v 7.561997 -1.819013 7.584040
v 3.296650 -1.431280 6.902373
v 3.945533 -1.803369 2.630525
v 8.651286 2.112315 3.004251
v 8.002403 2.484404 7.276099
v 3.737057 2.872137 6.594431
v 4.385939 2.500048 2.322583
vn -0.101600 -0.992300 0.071000
vn 0.101600 0.992300 -0.071000
vn 0.983500 -0.089400 0.157200
vn -0.149600 0.085800 0.985000
vn -0.983500 0.089400 -0.157200
vn 0.149600 -0.085800 -0.985000
usemtl Material.002
s off
f 33//26 34//26 35//26
f 40//27 39//27 38//27
f 37//28 38//28 34//28
f 38//29 39//29 35//29
f 39//30 40//30 36//30
f 37//31 33//31 36//31
f 36//26 33//26 35//26
f 37//27 40//27 38//27
f 33//28 37//28 34//28
f 34//29 38//29 35//29
f 35//30 39//30 36//30
f 40//31 37//31 36//31
o Cube.003
v 1.033211 -0.979100 4.109896
v -1.601372 -1.482461 7.517796
v -4.384935 1.356187 5.785156
v -1.750351 1.859549 2.377256
v 3.062727 2.260790 6.157423
v 0.428142 1.757430 9.565323
v -2.355419 4.596078 7.832682
v 0.279164 5.099439 4.424783
vn -0.468000 -0.747100 -0.472100
vn 0.468000 0.747100 0.472100
vn 0.641800 -0.654500 0.399500
vn -0.607500 -0.116100 0.785800
vn -0.641800 0.654500 -0.399500
vn 0.607500 0.116100 -0.785800
usemtl Material.003
s off
f 41//32 42//32 43//32
f 45//33 48//33 47//33
f 45//34 46//34 42//34
f 46//35 47//35 43//35
f 43//36 47//36 48//36
f 41//37 44//37 48//37
f 44//32 41//32 43//32
f 46//33 45//33 47//33
f 41//34 45//34 42//34
f 42//35 46//35 43//35
f 44//36 43//36 48//36
f 45//37 41//37 48//37
o Cube.004_Cube.006
v -5.127880 0.640455 -3.155663
v -4.125433 1.442696 0.986763
v -8.137196 0.304727 2.177973
v -9.139641 -0.497514 -1.964454
v -6.435187 4.747721 -3.634731
v -5.432743 5.549960 0.507696
v -9.444505 4.411992 1.698905
v -10.446950 3.609751 -2.443521
vn 0.301400 -0.947100 0.110500
vn -0.301400 0.947100 -0.110500
vn 0.925000 0.262400 -0.274700
vn 0.231100 0.185000 0.955200
vn -0.925000 -0.262400 0.274700
vn -0.231100 -0.185000 -0.955200
usemtl Material.004
s off
f 50//38 51//38 52//38
f 56//39 55//39 54//39
f 53//40 54//40 50//40
f 54//41 55//41 51//41
f 55//42 56//42 52//42
f 53//43 49//43 52//43
f 49//38 50//38 52//38
f 53//39 56//39 54//39
f 49//40 53//40 50//40
f 50//41 54//41 51//41
f 51//42 55//42 52//42
f 56//43 53//43 52//43
o Cube.005_Cube.007
v -6.354328 -1.777485 2.586314
v -10.348227 -0.854289 4.002179
v -9.800913 3.289154 2.844370
v -5.807014 2.365956 1.428505
v -4.755137 -0.889917 6.518616
v -8.749036 0.033283 7.934480
v -8.201720 4.176723 6.776671
v -4.207823 3.253526 5.360807
vn -0.368700 -0.204700 -0.906700
vn 0.368700 0.204700 0.906700
vn -0.126200 -0.955400 0.267000
vn -0.920900 0.212900 0.326500
vn 0.126200 0.955400 -0.267000
vn 0.920900 -0.212900 -0.326500
usemtl Material.005
s off
f 58//44 59//44 60//44
f 61//45 64//45 63//45
f 61//46 62//46 58//46
f 62//47 63//47 59//47
f 63//48 64//48 60//48
f 57//49 60//49 64//49
f 57//44 58//44 60//44
f 62//45 61//45 63//45
f 57//46 61//46 58//46
f 58//47 62//47 59//47
f 59//48 63//48 60//48
f 61//49 57//49 64//49
o Cube.006_Cube.008
v 0.658112 0.537702 -8.764553
v 0.847556 0.654732 -4.433434
v -3.479719 0.442954 -4.238436
v -3.669162 0.325923 -8.569556
v 0.441352 4.867787 -8.872074
v 0.630794 4.984818 -4.540954
v -3.696481 4.773039 -4.345958
v -3.885924 4.656008 -8.677077
vn 0.050000 -0.998400 0.024800
vn -0.050000 0.998400 -0.024800
vn 0.997800 0.048800 -0.045000
vn 0.043700 0.027000 0.998700
vn -0.997800 -0.048800 0.045000
vn -0.043700 -0.027000 -0.998700
usemtl Material.006
s off
f 66//50 67//50 68//50
f 72//51 71//51 70//51
f 69//52 70//52 66//52
f 70//53 71//53 67//53
f 71//54 72//54 68//54
f 65//55 68//55 72//55
f 65//50 66//50 68//50
f 69//51 72//51 70//51
f 65//52 69//52 66//52
f 66//53 70//53 67//53
f 67//54 71//54 68//54
f 69//55 65//55 72//55
o Cube.007_Cube.009
v 7.906247 -1.398352 -7.955651
v 4.385670 -1.443005 -5.423513
v 3.066465 2.290750 -7.191835
v 6.587044 2.335402 -9.723974
v 10.068056 0.807383 -4.911065
v 6.547477 0.762732 -2.378928
v 5.228274 4.496486 -4.147251
v 8.748852 4.541139 -6.679389
vn -0.498500 -0.508600 -0.702000
vn 0.498500 0.508600 0.702000
vn 0.304200 -0.860900 0.407700
vn -0.811800 -0.010300 0.583900
vn -0.304200 0.860900 -0.407700
vn 0.811800 0.010300 -0.583900
usemtl Material.007
s off
f 73//56 74//56 75//56
f 80//57 79//57 78//57
f 77//58 78//58 74//58
f 78//59 79//59 75//59
f 75//60 79//60 80//60
f 73//61 76//61 80//61
f 76//56 73//56 75//56
f 77//57 80//57 78//57
f 73//58 77//58 74//58
f 74//59 78//59 75//59
f 76//60 75//60 80//60
f 77//61 73//61 80//61
o Cube.008_Cube.010
v -6.451499 -1.919887 -8.162346
v -10.453222 -0.717368 -7.001161
v -9.480061 3.407892 -7.919517
v -5.478338 2.205372 -9.080702
v -5.092324 -1.333058 -4.086016
v -9.094047 -0.130537 -2.924831
v -8.120884 3.994721 -3.843188
v -4.119162 2.792202 -5.004373
vn -0.313400 -0.135300 -0.939900
vn 0.313400 0.135300 0.939900
vn -0.224400 -0.951200 0.211800
vn -0.922700 0.277300 0.267700
vn 0.224400 0.951200 -0.211800
vn 0.922700 -0.277300 -0.267700
usemtl Material.008
s off
f 81//62 82//62 83//62
f 88//63 87//63 86//63
f 85//64 86//64 82//64
f 86//65 87//65 83//65
f 87//66 88//66 84//66
f 81//67 84//67 88//67
f 84//62 81//62 83//62
f 85//63 88//63 86//63
f 81//64 85//64 82//64
f 82//65 86//65 83//65
f 83//66 87//66 84//66
f 85//67 81//67 88//67
